1.54056 5.000
4.40000 5.020
7.25944 5.040
10.11888 5.060
12.97832 5.080
15.83776 5.100
18.69720 5.120
21.55664 5.140
24.41608 5.160
27.27552 5.180
30.13496 5.200
32.99440 5.220
35.85384 5.240
38.71328 5.260
41.57272 5.280
44.43216 5.300
47.29160 5.320
50.15104 5.340
53.01048 5.360
55.86992 5.380
58.72936 5.400
61.58880 5.420
64.44824 5.440
67.30768 5.460
70.16712 5.480
73.02656 5.500
75.88600 5.520
78.74544 5.540
81.60488 5.560
84.46432 5.580
87.32376 5.600
90.18320 5.620
93.04264 5.640
95.90208 5.660
98.76152 5.680
101.62096 5.700
104.48040 5.720
107.33984 5.740
110.19928 5.760
113.05872 5.780
115.91816 5.800
118.77760 5.820
121.63704 5.840
124.49648 5.860
127.35592 5.880
130.21536 5.900
133.07480 5.920
135.93424 5.940
138.79368 5.960
141.65312 5.980
144.51256 6.000
147.37200 6.020
150.23144 6.040
153.09088 6.060
155.95032 6.080
158.80976 6.100
161.66920 6.120
164.52864 6.140
167.38808 6.160
170.24752 6.180
173.10696 6.200
175.96640 6.220
178.82584 6.240
181.68528 6.260
184.54472 6.280
187.40416 6.300
190.26360 6.320
193.12304 6.340
195.98248 6.360
198.84192 6.380
201.70136 6.400
204.56080 6.420
207.42024 6.440
210.27968 6.460
213.13912 6.480
215.99856 6.500
218.85800 6.520
221.71744 6.540
224.57688 6.560
227.43632 6.580
230.29576 6.600
233.15520 6.620
236.01464 6.640
238.87408 6.660
241.73352 6.680
244.59296 6.700
247.45240 6.720
250.31184 6.740
253.17128 6.760
256.03072 6.780
258.89016 6.800
261.74960 6.820
264.60904 6.840
267.46848 6.860
270.32792 6.880
273.18736 6.900
276.04680 6.920
278.90624 6.940
281.76568 6.960
284.62512 6.980
287.48456 7.000
290.34400 7.020
293.20344 7.040
296.06288 7.060
298.92232 7.080
301.78176 7.100
304.64120 7.120
307.50064 7.140
310.36008 7.160
313.21952 7.180
316.07896 7.200
318.93840 7.220
321.79784 7.240
324.65728 7.260
327.51672 7.280
330.37616 7.300
333.23560 7.320
336.09504 7.340
338.95448 7.360
341.81392 7.380
344.67336 7.400
347.53280 7.420
350.39224 7.440
353.25168 7.460
356.11112 7.480
358.97056 7.500
361.83000 7.520
364.68944 7.540
367.54888 7.560
370.40832 7.580
373.26776 7.600
376.12720 7.620
378.98664 7.640
381.84608 7.660
384.70552 7.680
387.56496 7.700
390.42440 7.720
393.28384 7.740
396.14328 7.760
399.00272 7.780
401.86216 7.800
404.72160 7.820
407.58104 7.840
410.44048 7.860
413.29992 7.880
416.15936 7.900
419.01880 7.920
421.87824 7.940
424.73768 7.960
427.59712 7.980
430.45656 8.000
433.31600 8.020
436.17544 8.040
439.03488 8.060
441.89432 8.080
444.75376 8.100
447.61320 8.120
450.47264 8.140
453.33208 8.160
456.19152 8.180
459.05096 8.200
461.91040 8.220
464.76984 8.240
467.62928 8.260
470.48872 8.280
473.34816 8.300
476.20760 8.320
479.06704 8.340
481.92648 8.360
484.78592 8.380
487.64536 8.400
490.50480 8.420
493.36424 8.440
496.22368 8.460
499.08312 8.480
501.94256 8.500
504.80200 8.520
507.66144 8.540
510.52088 8.560
513.38032 8.580
516.23976 8.600
519.09920 8.620
521.95864 8.640
524.81808 8.660
527.67752 8.680
530.53696 8.700
533.39640 8.720
536.25584 8.740
539.11528 8.760
541.97472 8.780
544.83416 8.800
547.69360 8.820
550.55304 8.840
553.41248 8.860
556.27192 8.880
559.13136 8.900
561.99080 8.920
564.85024 8.940
567.70968 8.960
570.56912 8.980
573.42856 9.000
576.28800 9.020
579.14744 9.040
582.00688 9.060
584.86632 9.080
587.72576 9.100
590.58520 9.120
593.44464 9.140
596.30408 9.160
599.16352 9.180
602.02296 9.200
604.88240 9.220
607.74184 9.240
610.60128 9.260
613.46072 9.280
616.32016 9.300
619.17960 9.320
622.03904 9.340
624.89848 9.360
627.75792 9.380
630.61736 9.400
633.47680 9.420
636.33624 9.440
639.19568 9.460
642.05512 9.480
644.91456 9.500
647.77400 9.520
650.63344 9.540
653.49288 9.560
656.35232 9.580
659.21176 9.600
662.07120 9.620
664.93064 9.640
667.79008 9.660
670.64952 9.680
673.50896 9.700
676.36840 9.720
679.22784 9.740
682.08728 9.760
684.94672 9.780
687.80616 9.800
690.66560 9.820
693.52504 9.840
696.38448 9.860
699.24392 9.880
702.10336 9.900
704.96280 9.920
707.82224 9.940
710.68168 9.960
713.54112 9.980
716.40056 10.000
719.26000 10.020
722.11944 10.040
724.97888 10.060
727.83832 10.080
730.69776 10.100
733.55720 10.120
736.41664 10.140
739.27608 10.160
742.13552 10.180
744.99496 10.200
747.85440 10.220
750.71384 10.240
753.57328 10.260
756.43272 10.280
759.29216 10.300
762.15160 10.320
765.01104 10.340
767.87048 10.360
770.72992 10.380
773.58936 10.400
776.44880 10.420
779.30824 10.440
782.16768 10.460
785.02712 10.480
787.88656 10.500
790.74600 10.520
793.60544 10.540
796.46488 10.560
799.32432 10.580
802.18376 10.600
805.04320 10.620
807.90264 10.640
810.76208 10.660
813.62152 10.680
816.48096 10.700
819.34040 10.720
822.19984 10.740
825.05928 10.760
827.91872 10.780
830.77816 10.800
833.63760 10.820
836.49704 10.840
839.35648 10.860
842.21592 10.880
845.07536 10.900
847.93480 10.920
850.79424 10.940
853.65368 10.960
856.51312 10.980
859.37256 11.000
862.23200 11.020
865.09144 11.040
867.95088 11.060
870.81032 11.080
873.66976 11.100
876.52920 11.120
879.38864 11.140
882.24808 11.160
885.10752 11.180
887.96696 11.200
890.82640 11.220
893.68584 11.240
896.54528 11.260
899.40472 11.280
902.26416 11.300
905.12360 11.320
907.98304 11.340
910.84248 11.360
913.70192 11.380
916.56136 11.400
919.42080 11.420
922.28024 11.440
925.13968 11.460
927.99912 11.480
930.85856 11.500
933.71800 11.520
936.57744 11.540
939.43688 11.560
942.29632 11.580
945.15576 11.600
948.01520 11.620
950.87464 11.640
953.73408 11.660
956.59352 11.680
959.45296 11.700
962.31240 11.720
965.17184 11.740
968.03128 11.760
970.89072 11.780
973.75016 11.800
976.60960 11.820
979.46904 11.840
982.32848 11.860
985.18792 11.880
988.04736 11.900
990.90680 11.920
993.76624 11.940
996.62568 11.960
999.48512 11.980
1002.34456 12.000
1005.20400 12.020
1008.06344 12.040
1010.92288 12.060
1013.78232 12.080
1016.64176 12.100
1019.50120 12.120
1022.36064 12.140
1025.22008 12.160
1028.07952 12.180
1030.93896 12.200
1033.79840 12.220
1036.65784 12.240
1039.51728 12.260
1042.37672 12.280
1045.23616 12.300
1048.09560 12.320
1050.95504 12.340
1053.81448 12.360
1056.67392 12.380
1059.53336 12.400
1062.39280 12.420
1065.25224 12.440
1068.11168 12.460
1070.97112 12.480
1073.83056 12.500
1076.69000 12.520
1079.54944 12.540
1082.40888 12.560
1085.26832 12.580
1088.12776 12.600
1090.98720 12.620
1093.84664 12.640
1096.70608 12.660
1099.56552 12.680
1102.42496 12.700
1105.28440 12.720
1108.14384 12.740
1111.00328 12.760
1113.86272 12.780
1116.72216 12.800
1119.58160 12.820
1122.44104 12.840
1125.30048 12.860
1128.15992 12.880
1131.01936 12.900
1133.87880 12.920
1136.73824 12.940
1139.59768 12.960
1142.45712 12.980
1145.31656 13.000
1148.17600 13.020
1151.03544 13.040
1153.89488 13.060
1156.75432 13.080
1159.61376 13.100
1162.47320 13.120
1165.33264 13.140
1168.19208 13.160
1171.05152 13.180
1173.91096 13.200
1176.77040 13.220
1179.62984 13.240
1182.48928 13.260
1185.34872 13.280
1188.20816 13.300
1191.06760 13.320
1193.92704 13.340
1196.78648 13.360
1199.64592 13.380
1202.50536 13.400
1205.36480 13.420
1208.22424 13.440
1211.08368 13.460
1213.94312 13.480
1216.80256 13.500
1219.66200 13.520
1222.52144 13.540
1225.38088 13.560
1228.24032 13.580
1231.09976 13.600
1233.95920 13.620
1236.81864 13.640
1239.67808 13.660
1242.53752 13.680
1245.39696 13.700
1248.25640 13.720
1251.11584 13.740
1253.97528 13.760
1256.83472 13.780
1259.69416 13.800
1262.55360 13.820
1265.41304 13.840
1268.27248 13.860
1271.13192 13.880
1273.99136 13.900
1276.85080 13.920
1279.71024 13.940
1282.56968 13.960
1285.42912 13.980
1288.28856 14.000
1291.14800 14.020
1294.00744 14.040
1296.86688 14.060
1299.72632 14.080
1302.58576 14.100
1305.44520 14.120
1308.30464 14.140
1311.16408 14.160
1314.02352 14.180
1316.88296 14.200
1319.74240 14.220
1322.60184 14.240
1325.46128 14.260
1328.32072 14.280
1331.18016 14.300
1334.03960 14.320
1336.89904 14.340
1339.75848 14.360
1342.61792 14.380
1345.47736 14.400
1348.33680 14.420
1351.19624 14.440
1354.05568 14.460
1356.91512 14.480
1359.77456 14.500
1362.63400 14.520
1365.49344 14.540
1368.35288 14.560
1371.21232 14.580
1374.07176 14.600
1376.93120 14.620
1379.79064 14.640
1382.65008 14.660
1385.50952 14.680
1388.36896 14.700
1391.22840 14.720
1394.08784 14.740
1396.94728 14.760
1399.80672 14.780
1402.66616 14.800
1405.52560 14.820
1408.38504 14.840
1411.24448 14.860
1414.10392 14.880
1416.96336 14.900
1419.82280 14.920
1422.68224 14.940
1425.54168 14.960
1428.40112 14.980
1431.26056 15.000
1434.12000 15.020
1436.97944 15.040
1439.83888 15.060
1442.69832 15.080
1445.55776 15.100
1448.41720 15.120
1451.27664 15.140
1454.13608 15.160
1456.99552 15.180
1459.85496 15.200
1462.71440 15.220
1465.57384 15.240
1468.43328 15.260
1471.29272 15.280
1474.15216 15.300
1477.01160 15.320
1479.87104 15.340
1482.73048 15.360
1485.58992 15.380
1488.44936 15.400
1491.30880 15.420
1494.16824 15.440
1497.02768 15.460
1499.88712 15.480
1502.74656 15.500
1505.60600 15.520
1508.46544 15.540
1511.32488 15.560
1514.18432 15.580
1517.04376 15.600
1519.90320 15.620
1522.76264 15.640
1525.62208 15.660
1528.48152 15.680
1531.34096 15.700
1534.20040 15.720
1537.05984 15.740
1539.91928 15.760
1542.77872 15.780
1545.63816 15.800
1548.49760 15.820
1551.35704 15.840
1554.21648 15.860
1557.07592 15.880
1559.93536 15.900
1562.79480 15.920
1565.65424 15.940
1568.51368 15.960
1571.37312 15.980
1574.23256 16.000
1577.09200 16.020
1579.95144 16.040
1582.81088 16.060
1585.67032 16.080
1588.52976 16.100
1591.38920 16.120
1594.24864 16.140
1597.10808 16.160
1599.96752 16.180
1602.82696 16.200
1605.68640 16.220
1608.54584 16.240
1611.40528 16.260
1614.26472 16.280
1617.12416 16.300
1619.98360 16.320
1622.84304 16.340
1625.70248 16.360
1628.56192 16.380
1631.42136 16.400
1634.28080 16.420
1637.14024 16.440
1639.99968 16.460
1642.85912 16.480
1645.71856 16.500
1648.57800 16.520
1651.43744 16.540
1654.29688 16.560
1657.15632 16.580
1660.01576 16.600
1662.87520 16.620
1665.73464 16.640
1668.59408 16.660
1671.45352 16.680
1674.31296 16.700
1677.17240 16.720
1680.03184 16.740
1682.89128 16.760
1685.75072 16.780
1688.61016 16.800
1691.46960 16.820
1694.32904 16.840
1697.18848 16.860
1700.04792 16.880
1702.90736 16.900
1705.76680 16.920
1708.62624 16.940
1711.48568 16.960
1714.34512 16.980
1717.20456 17.000
1720.06400 17.020
1722.92344 17.040
1725.78288 17.060
1728.64232 17.080
1731.50176 17.100
1734.36120 17.120
1737.22064 17.140
1740.08008 17.160
1742.93952 17.180
1745.79896 17.200
1748.65840 17.220
1751.51784 17.240
1754.37728 17.260
1757.23672 17.280
1760.09616 17.300
1762.95560 17.320
1765.81504 17.340
1768.67448 17.360
1771.53392 17.380
1774.39336 17.400
1777.25280 17.420
1780.11224 17.440
1782.97168 17.460
1785.83112 17.480
1788.69056 17.500
1791.55000 17.520
1794.40944 17.540
1797.26888 17.560
1800.12832 17.580
1802.98776 17.600
1805.84720 17.620
1808.70664 17.640
1811.56608 17.660
1814.42552 17.680
1817.28496 17.700
1820.14440 17.720
1823.00384 17.740
1825.86328 17.760
1828.72272 17.780
1831.58216 17.800
1834.44160 17.820
1837.30104 17.840
1840.16048 17.860
1843.01992 17.880
1845.87936 17.900
1848.73880 17.920
1851.59824 17.940
1854.45768 17.960
1857.31712 17.980
1860.17656 18.000
1863.03600 18.020
1865.89544 18.040
1868.75488 18.060
1871.61432 18.080
1874.47376 18.100
1877.33320 18.120
1880.19264 18.140
1883.05208 18.160
1885.91152 18.180
1888.77096 18.200
1891.63040 18.220
1894.48984 18.240
1897.34928 18.260
1900.20872 18.280
1903.06816 18.300
1905.92760 18.320
1908.78704 18.340
1911.64648 18.360
1914.50592 18.380
1917.36536 18.400
1920.22480 18.420
1923.08424 18.440
1925.94368 18.460
1928.80312 18.480
1931.66256 18.500
1934.52200 18.520
1937.38144 18.540
1940.24088 18.560
1943.10032 18.580
1945.95976 18.600
1948.81920 18.620
1951.67864 18.640
1954.53808 18.660
1957.39752 18.680
1960.25696 18.700
1963.11640 18.720
1965.97584 18.740
1968.83528 18.760
1971.69472 18.780
1974.55416 18.800
1977.41360 18.820
1980.27304 18.840
1983.13248 18.860
1985.99192 18.880
1988.85136 18.900
1991.71080 18.920
1994.57024 18.940
1997.42968 18.960
2000.28912 18.980
2003.14856 19.000
2006.00800 19.020
2008.86744 19.040
2011.72688 19.060
2014.58632 19.080
2017.44576 19.100
2020.30520 19.120
2023.16464 19.140
2026.02408 19.160
2028.88352 19.180
2031.74296 19.200
2034.60240 19.220
2037.46184 19.240
2040.32128 19.260
2043.18072 19.280
2046.04016 19.300
2048.89960 19.320
2051.75904 19.340
2054.61848 19.360
2057.47792 19.380
2060.33736 19.400
2063.19680 19.420
2066.05624 19.440
2068.91568 19.460
2071.77512 19.480
2074.63456 19.500
2077.49400 19.520
2080.35344 19.540
2083.21288 19.560
2086.07232 19.580
2088.93176 19.600
2091.79120 19.620
2094.65064 19.640
2097.51008 19.660
2100.36952 19.680
2103.22896 19.700
2106.08840 19.720
2108.94784 19.740
2111.80728 19.760
2114.66672 19.780
2117.52616 19.800
2120.38560 19.820
2123.24504 19.840
2126.10448 19.860
2128.96392 19.880
2131.82336 19.900
2134.68280 19.920
2137.54224 19.940
2140.40168 19.960
2143.26112 19.980
2146.12056 20.000
2148.98000 20.020
2151.83944 20.040
2154.69888 20.060
2157.55832 20.080
2160.41776 20.100
2163.27720 20.120
2166.13664 20.140
2168.99608 20.160
2171.85552 20.180
2174.71496 20.200
2177.57440 20.220
2180.43384 20.240
2183.29328 20.260
2186.15272 20.280
2189.01216 20.300
2191.87160 20.320
2194.73104 20.340
2197.59048 20.360
2200.44992 20.380
2203.30936 20.400
2206.16880 20.420
2209.02824 20.440
2211.88768 20.460
2214.74712 20.480
2217.60656 20.500
2220.46600 20.520
2223.32544 20.540
2226.18488 20.560
2229.04432 20.580
2231.90376 20.600
2234.76320 20.620
2237.62264 20.640
2240.48208 20.660
2243.34152 20.680
2246.20096 20.700
2249.06040 20.720
2251.91984 20.740
2254.77928 20.760
2257.63872 20.780
2260.49816 20.800
2263.35760 20.820
2266.21704 20.840
2269.07648 20.860
2271.93592 20.880
2274.79536 20.900
2277.65480 20.920
2280.51424 20.940
2283.37368 20.960
2286.23312 20.980
2289.09256 21.000
2291.95200 21.020
2294.81144 21.040
2297.67088 21.060
2300.53032 21.080
2303.38976 21.100
2306.24920 21.120
2309.10864 21.140
2311.96808 21.160
2314.82752 21.180
2317.68696 21.200
2320.54640 21.220
2323.40584 21.240
2326.26528 21.260
2329.12472 21.280
2331.98416 21.300
2334.84360 21.320
2337.70304 21.340
2340.56248 21.360
2343.42192 21.380
2346.28136 21.400
2349.14080 21.420
2352.00024 21.440
2354.85968 21.460
2357.71912 21.480
2360.57856 21.500
2363.43800 21.520
2366.29744 21.540
2369.15688 21.560
2372.01632 21.580
2374.87576 21.600
2377.73520 21.620
2380.59464 21.640
2383.45408 21.660
2386.31352 21.680
2389.17296 21.700
2392.03240 21.720
2394.89184 21.740
2397.75128 21.760
2400.61072 21.780
2403.47016 21.800
2406.32960 21.820
2409.18904 21.840
2412.04848 21.860
2414.90792 21.880
2417.76736 21.900
2420.62680 21.920
2423.48624 21.940
2426.34568 21.960
2429.20512 21.980
2432.06456 22.000
2434.92400 22.020
2437.78344 22.040
2440.64288 22.060
2443.50232 22.080
2446.36176 22.100
2449.22120 22.120
2452.08064 22.140
2454.94008 22.160
2457.79952 22.180
2460.65896 22.200
2463.51840 22.220
2466.37784 22.240
2469.23728 22.260
2472.09672 22.280
2474.95616 22.300
2477.81560 22.320
2480.67504 22.340
2483.53448 22.360
2486.39392 22.380
2489.25336 22.400
2492.11280 22.420
2494.97224 22.440
2497.83168 22.460
2500.69112 22.480
2503.55056 22.500
2506.41000 22.520
2509.26944 22.540
2512.12888 22.560
2514.98832 22.580
2517.84776 22.600
2520.70720 22.620
2523.56664 22.640
2526.42608 22.660
2529.28552 22.680
2532.14496 22.700
2535.00440 22.720
2537.86384 22.740
2540.72328 22.760
2543.58272 22.780
2546.44216 22.800
2549.30160 22.820
2552.16104 22.840
2555.02048 22.860
2557.87992 22.880
2560.73936 22.900
2563.59880 22.920
2566.45824 22.940
2569.31768 22.960
2572.17712 22.980
2575.03656 23.000
2577.89600 23.020
2580.75544 23.040
2583.61488 23.060
2586.47432 23.080
2589.33376 23.100
2592.19320 23.120
2595.05264 23.140
2597.91208 23.160
2600.77152 23.180
2603.63096 23.200
2606.49040 23.220
2609.34984 23.240
2612.20928 23.260
2615.06872 23.280
2617.92816 23.300
2620.78760 23.320
2623.64704 23.340
2626.50648 23.360
2629.36592 23.380
2632.22536 23.400
2635.08480 23.420
2637.94424 23.440
2640.80368 23.460
2643.66312 23.480
2646.52256 23.500
2649.38200 23.520
2652.24144 23.540
2655.10088 23.560
2657.96032 23.580
2660.81976 23.600
2663.67920 23.620
2666.53864 23.640
2669.39808 23.660
2672.25752 23.680
2675.11696 23.700
2677.97640 23.720
2680.83584 23.740
2683.69528 23.760
2686.55472 23.780
2689.41416 23.800
2692.27360 23.820
2695.13304 23.840
2697.99248 23.860
2700.85192 23.880
2703.71136 23.900
2706.57080 23.920
2709.43024 23.940
2712.28968 23.960
2715.14912 23.980
2718.00856 24.000
2720.86800 24.020
2723.72744 24.040
2726.58688 24.060
2729.44632 24.080
2732.30576 24.100
2735.16520 24.120
2738.02464 24.140
2740.88408 24.160
2743.74352 24.180
2746.60296 24.200
2749.46240 24.220
2752.32184 24.240
2755.18128 24.260
2758.04072 24.280
2760.90016 24.300
2763.75960 24.320
2766.61904 24.340
2769.47848 24.360
2772.33792 24.380
2775.19736 24.400
2778.05680 24.420
2780.91624 24.440
2783.77568 24.460
2786.63512 24.480
2789.49456 24.500
2792.35400 24.520
2795.21344 24.540
2798.07288 24.560
2800.93232 24.580
2803.79176 24.600
2806.65120 24.620
2809.51064 24.640
2812.37008 24.660
2815.22952 24.680
2818.08896 24.700
2820.94840 24.720
2823.80784 24.740
2826.66728 24.760
2829.52672 24.780
2832.38616 24.800
2835.24560 24.820
2838.10504 24.840
2840.96448 24.860
2843.82392 24.880
2846.68336 24.900
2849.54280 24.920
2852.40224 24.940
2855.26168 24.960
2858.12112 24.980
2860.98056 25.000
2863.84000 25.020
2866.69944 25.040
2869.55888 25.060
2872.41832 25.080
2875.27776 25.100
2878.13720 25.120
2880.99664 25.140
2883.85608 25.160
2886.71552 25.180
2889.57496 25.200
2892.43440 25.220
2895.29384 25.240
2898.15328 25.260
2901.01272 25.280
2903.87216 25.300
2906.73160 25.320
2909.59104 25.340
2912.45048 25.360
2915.30992 25.380
2918.16936 25.400
2921.02880 25.420
2923.88824 25.440
2926.74768 25.460
2929.60712 25.480
2932.46656 25.500
2935.32600 25.520
2938.18544 25.540
2941.04488 25.560
2943.90432 25.580
2946.76376 25.600
2949.62320 25.620
2952.48264 25.640
2955.34208 25.660
2958.20152 25.680
2961.06096 25.700
2963.92040 25.720
2966.77984 25.740
2969.63928 25.760
2972.49872 25.780
2975.35816 25.800
2978.21760 25.820
2981.07704 25.840
2983.93648 25.860
2986.79592 25.880
2989.65536 25.900
2992.51480 25.920
2995.37424 25.940
2998.23368 25.960
3001.09312 25.980
3003.95256 26.000
3006.81200 26.020
3009.67144 26.040
3012.53088 26.060
3015.39032 26.080
3018.24976 26.100
3021.10920 26.120
3023.96864 26.140
3026.82808 26.160
3029.68752 26.180
3032.54696 26.200
3035.40640 26.220
3038.26584 26.240
3041.12528 26.260
3043.98472 26.280
3046.84416 26.300
3049.70360 26.320
3052.56304 26.340
3055.42248 26.360
3058.28192 26.380
3061.14136 26.400
3064.00080 26.420
3066.86024 26.440
3069.71968 26.460
3072.57912 26.480
3075.43856 26.500
3078.29800 26.520
3081.15744 26.540
3084.01688 26.560
3086.87632 26.580
3089.73576 26.600
3092.59520 26.620
3095.45464 26.640
3098.31408 26.660
3101.17352 26.680
3104.03296 26.700
3106.89240 26.720
3109.75184 26.740
3112.61128 26.760
3115.47072 26.780
3118.33016 26.800
3121.18960 26.820
3124.04904 26.840
3126.90848 26.860
3129.76792 26.880
3132.62736 26.900
3135.48680 26.920
3138.34624 26.940
3141.20568 26.960
3144.06512 26.980
3146.92456 27.000
3149.78400 27.020
3152.64344 27.040
3155.50288 27.060
3158.36232 27.080
3161.22176 27.100
3164.08120 27.120
3166.94064 27.140
3169.80008 27.160
3172.65952 27.180
3175.51896 27.200
3178.37840 27.220
3181.23784 27.240
3184.09728 27.260
3186.95672 27.280
3189.81616 27.300
3192.67560 27.320
3195.53504 27.340
3198.39448 27.360
3201.25392 27.380
3204.11336 27.400
3206.97280 27.420
3209.83224 27.440
3212.69168 27.460
3215.55112 27.480
3218.41056 27.500
3221.27000 27.520
3224.12944 27.540
3226.98888 27.560
3229.84832 27.580
3232.70776 27.600
3235.56720 27.620
3238.42664 27.640
3241.28608 27.660
3244.14552 27.680
3247.00496 27.700
3249.86440 27.720
3252.72384 27.740
3255.58328 27.760
3258.44272 27.780
3261.30216 27.800
3264.16160 27.820
3267.02104 27.840
3269.88048 27.860
3272.73992 27.880
3275.59936 27.900
3278.45880 27.920
3281.31824 27.940
3284.17768 27.960
3287.03712 27.980
3289.89656 28.000
3292.75600 28.020
3295.61544 28.040
3298.47488 28.060
3301.33432 28.080
3304.19376 28.100
3307.05320 28.120
3309.91264 28.140
3312.77208 28.160
3315.63152 28.180
3318.49096 28.200
3321.35040 28.220
3324.20984 28.240
3327.06928 28.260
3329.92872 28.280
3332.78816 28.300
3335.64760 28.320
3338.50704 28.340
3341.36648 28.360
3344.22592 28.380
3347.08536 28.400
3349.94480 28.420
3352.80424 28.440
3355.66368 28.460
3358.52312 28.480
3361.38256 28.500
3364.24200 28.520
3367.10144 28.540
3369.96088 28.560
3372.82032 28.580
3375.67976 28.600
3378.53920 28.620
3381.39864 28.640
3384.25808 28.660
3387.11752 28.680
3389.97696 28.700
3392.83640 28.720
3395.69584 28.740
3398.55528 28.760
3401.41472 28.780
3404.27416 28.800
3407.13360 28.820
3409.99304 28.840
3412.85248 28.860
3415.71192 28.880
3418.57136 28.900
3421.43080 28.920
3424.29024 28.940
3427.14968 28.960
3430.00912 28.980
3432.86856 29.000
3435.72800 29.020
3438.58744 29.040
3441.44688 29.060
3444.30632 29.080
3447.16576 29.100
3450.02520 29.120
3452.88464 29.140
3455.74408 29.160
3458.60352 29.180
3461.46296 29.200
3464.32240 29.220
3467.18184 29.240
3470.04128 29.260
3472.90072 29.280
3475.76016 29.300
3478.61960 29.320
3481.47904 29.340
3484.33848 29.360
3487.19792 29.380
3490.05736 29.400
3492.91680 29.420
3495.77624 29.440
3498.63568 29.460
3501.49512 29.480
3504.35456 29.500
3507.21400 29.520
3510.07344 29.540
3512.93288 29.560
3515.79232 29.580
3518.65176 29.600
3521.51120 29.620
3524.37064 29.640
3527.23008 29.660
3530.08952 29.680
3532.94896 29.700
3535.80840 29.720
3538.66784 29.740
3541.52728 29.760
3544.38672 29.780
3547.24616 29.800
3550.10560 29.820
3552.96504 29.840
3555.82448 29.860
3558.68392 29.880
3561.54336 29.900
3564.40280 29.920
3567.26224 29.940
3570.12168 29.960
3572.98112 29.980
3575.84056 30.000
3578.70000 30.020
3581.55944 30.040
3584.41888 30.060
3587.27832 30.080
3590.13776 30.100
3592.99720 30.120
3595.85664 30.140
3598.71608 30.160
3601.57552 30.180
3604.43496 30.200
3607.29440 30.220
3610.15384 30.240
3613.01328 30.260
3615.87272 30.280
3618.73216 30.300
3621.59160 30.320
3624.45104 30.340
3627.31048 30.360
3630.16992 30.380
3633.02936 30.400
3635.88880 30.420
3638.74824 30.440
3641.60768 30.460
3644.46712 30.480
3647.32656 30.500
3650.18600 30.520
3653.04544 30.540
3655.90488 30.560
3658.76432 30.580
3661.62376 30.600
3664.48320 30.620
3667.34264 30.640
3670.20208 30.660
3673.06152 30.680
3675.92096 30.700
3678.78040 30.720
3681.63984 30.740
3684.49928 30.760
3687.35872 30.780
3690.21816 30.800
3693.07760 30.820
3695.93704 30.840
3698.79648 30.860
3701.65592 30.880
3704.51536 30.900
3707.37480 30.920
3710.23424 30.940
3713.09368 30.960
3715.95312 30.980
3718.81256 31.000
3721.67200 31.020
3724.53144 31.040
3727.39088 31.060
3730.25032 31.080
3733.10976 31.100
3735.96920 31.120
3738.82864 31.140
3741.68808 31.160
3744.54752 31.180
3747.40696 31.200
3750.26640 31.220
3753.12584 31.240
3755.98528 31.260
3758.84472 31.280
3761.70416 31.300
3764.56360 31.320
3767.42304 31.340
3770.28248 31.360
3773.14192 31.380
3776.00136 31.400
3778.86080 31.420
3781.72024 31.440
3784.57968 31.460
3787.43912 31.480
3790.29856 31.500
3793.15800 31.520
3796.01744 31.540
3798.87688 31.560
3801.73632 31.580
3804.59576 31.600
3807.45520 31.620
3810.31464 31.640
3813.17408 31.660
3816.03352 31.680
3818.89296 31.700
3821.75240 31.720
3824.61184 31.740
3827.47128 31.760
3830.33072 31.780
3833.19016 31.800
3836.04960 31.820
3838.90904 31.840
3841.76848 31.860
3844.62792 31.880
3847.48736 31.900
3850.34680 31.920
3853.20624 31.940
3856.06568 31.960
3858.92512 31.980
3861.78456 32.000
3864.64400 32.020
3867.50344 32.040
3870.36288 32.060
3873.22232 32.080
3876.08176 32.100
3878.94120 32.120
3881.80064 32.140
3884.66008 32.160
3887.51952 32.180
3890.37896 32.200
3893.23840 32.220
3896.09784 32.240
3898.95728 32.260
3901.81672 32.280
3904.67616 32.300
3907.53560 32.320
3910.39504 32.340
3913.25448 32.360
3916.11392 32.380
3918.97336 32.400
3921.83280 32.420
3924.69224 32.440
3927.55168 32.460
3930.41112 32.480
3933.27056 32.500
3936.13000 32.520
3938.98944 32.540
3941.84888 32.560
3944.70832 32.580
3947.56776 32.600
3950.42720 32.620
3953.28664 32.640
3956.14608 32.660
3959.00552 32.680
3961.86496 32.700
3964.72440 32.720
3967.58384 32.740
3970.44328 32.760
3973.30272 32.780
3976.16216 32.800
3979.02160 32.820
3981.88104 32.840
3984.74048 32.860
3987.59992 32.880
3990.45936 32.900
3993.31880 32.920
3996.17824 32.940
3999.03768 32.960
4001.89712 32.980
4004.75656 33.000
4007.61600 33.020
4010.47544 33.040
4013.33488 33.060
4016.19432 33.080
4019.05376 33.100
4021.91320 33.120
4024.77264 33.140
4027.63208 33.160
4030.49152 33.180
4033.35096 33.200
4036.21040 33.220
4039.06984 33.240
4041.92928 33.260
4044.78872 33.280
4047.64816 33.300
4050.50760 33.320
4053.36704 33.340
4056.22648 33.360
4059.08592 33.380
4061.94536 33.400
4064.80480 33.420
4067.66424 33.440
4070.52368 33.460
4073.38312 33.480
4076.24256 33.500
4079.10200 33.520
4081.96144 33.540
4084.82088 33.560
4087.68032 33.580
4090.53976 33.600
4093.39920 33.620
4096.25864 33.640
4099.11808 33.660
4101.97752 33.680
4104.83696 33.700
4107.69640 33.720
4110.55584 33.740
4113.41528 33.760
4116.27472 33.780
4119.13416 33.800
4121.99360 33.820
4124.85304 33.840
4127.71248 33.860
4130.57192 33.880
4133.43136 33.900
4136.29080 33.920
4139.15024 33.940
4142.00968 33.960
4144.86912 33.980
4147.72856 34.000
4150.58800 34.020
4153.44744 34.040
4156.30688 34.060
4159.16632 34.080
4162.02576 34.100
4164.88520 34.120
4167.74464 34.140
4170.60408 34.160
4173.46352 34.180
4176.32296 34.200
4179.18240 34.220
4182.04184 34.240
4184.90128 34.260
4187.76072 34.280
4190.62016 34.300
4193.47960 34.320
4196.33904 34.340
4199.19848 34.360
4202.05792 34.380
4204.91736 34.400
4207.77680 34.420
4210.63624 34.440
4213.49568 34.460
4216.35512 34.480
4219.21456 34.500
4222.07400 34.520
4224.93344 34.540
4227.79288 34.560
4230.65232 34.580
4233.51176 34.600
4236.37120 34.620
4239.23064 34.640
4242.09008 34.660
4244.94952 34.680
4247.80896 34.700
4250.66840 34.720
4253.52784 34.740
4256.38728 34.760
4259.24672 34.780
4262.10616 34.800
4264.96560 34.820
4267.82504 34.840
4270.68448 34.860
4273.54392 34.880
4276.40336 34.900
4279.26280 34.920
4282.12224 34.940
4284.98168 34.960
4287.84112 34.980
4290.70056 35.000
4293.56000 35.020
4296.41944 35.040
4299.27888 35.060
4302.13832 35.080
4304.99776 35.100
4307.85720 35.120
4310.71664 35.140
4313.57608 35.160
4316.43552 35.180
4319.29496 35.200
4322.15440 35.220
4325.01384 35.240
4327.87328 35.260
4330.73272 35.280
4333.59216 35.300
4336.45160 35.320
4339.31104 35.340
4342.17048 35.360
4345.02992 35.380
4347.88936 35.400
4350.74880 35.420
4353.60824 35.440
4356.46768 35.460
4359.32712 35.480
4362.18656 35.500
4365.04600 35.520
4367.90544 35.540
4370.76488 35.560
4373.62432 35.580
4376.48376 35.600
4379.34320 35.620
4382.20264 35.640
4385.06208 35.660
4387.92152 35.680
4390.78096 35.700
4393.64040 35.720
4396.49984 35.740
4399.35928 35.760
4402.21872 35.780
4405.07816 35.800
4407.93760 35.820
4410.79704 35.840
4413.65648 35.860
4416.51592 35.880
4419.37536 35.900
4422.23480 35.920
4425.09424 35.940
4427.95368 35.960
4430.81312 35.980
4433.67256 36.000
4436.53200 36.020
4439.39144 36.040
4442.25088 36.060
4445.11032 36.080
4447.96976 36.100
4450.82920 36.120
4453.68864 36.140
4456.54808 36.160
4459.40752 36.180
4462.26696 36.200
4465.12640 36.220
4467.98584 36.240
4470.84528 36.260
4473.70472 36.280
4476.56416 36.300
4479.42360 36.320
4482.28304 36.340
4485.14248 36.360
4488.00192 36.380
4490.86136 36.400
4493.72080 36.420
4496.58024 36.440
4499.43968 36.460
4502.29912 36.480
4505.15856 36.500
4508.01800 36.520
4510.87744 36.540
4513.73688 36.560
4516.59632 36.580
4519.45576 36.600
4522.31520 36.620
4525.17464 36.640
4528.03408 36.660
4530.89352 36.680
4533.75296 36.700
4536.61240 36.720
4539.47184 36.740
4542.33128 36.760
4545.19072 36.780
4548.05016 36.800
4550.90960 36.820
4553.76904 36.840
4556.62848 36.860
4559.48792 36.880
4562.34736 36.900
4565.20680 36.920
4568.06624 36.940
4570.92568 36.960
4573.78512 36.980
4576.64456 37.000
4579.50400 37.020
4582.36344 37.040
4585.22288 37.060
4588.08232 37.080
4590.94176 37.100
4593.80120 37.120
4596.66064 37.140
4599.52008 37.160
4602.37952 37.180
4605.23896 37.200
4608.09840 37.220
4610.95784 37.240
4613.81728 37.260
4616.67672 37.280
4619.53616 37.300
4622.39560 37.320
4625.25504 37.340
4628.11448 37.360
4630.97392 37.380
4633.83336 37.400
4636.69280 37.420
4639.55224 37.440
4642.41168 37.460
4645.27112 37.480
4648.13056 37.500
4650.99000 37.520
4653.84944 37.540
4656.70888 37.560
4659.56832 37.580
4662.42776 37.600
4665.28720 37.620
4668.14664 37.640
4671.00608 37.660
4673.86552 37.680
4676.72496 37.700
4679.58440 37.720
4682.44384 37.740
4685.30328 37.760
4688.16272 37.780
4691.02216 37.800
4693.88160 37.820
4696.74104 37.840
4699.60048 37.860
4702.45992 37.880
4705.31936 37.900
4708.17880 37.920
4711.03824 37.940
4713.89768 37.960
4716.75712 37.980
4719.61656 38.000
4722.47600 38.020
4725.33544 38.040
4728.19488 38.060
4731.05432 38.080
4733.91376 38.100
4736.77320 38.120
4739.63264 38.140
4742.49208 38.160
4745.35152 38.180
4748.21096 38.200
4751.07040 38.220
4753.92984 38.240
4756.78928 38.260
4759.64872 38.280
4762.50816 38.300
4765.36760 38.320
4768.22704 38.340
4771.08648 38.360
4773.94592 38.380
4776.80536 38.400
4779.66480 38.420
4782.52424 38.440
4785.38368 38.460
4788.24312 38.480
4791.10256 38.500
4793.96200 38.520
4796.82144 38.540
4799.68088 38.560
4802.54032 38.580
4805.39976 38.600
4808.25920 38.620
4811.11864 38.640
4813.97808 38.660
4816.83752 38.680
4819.69696 38.700
4822.55640 38.720
4825.41584 38.740
4828.27528 38.760
4831.13472 38.780
4833.99416 38.800
4836.85360 38.820
4839.71304 38.840
4842.57248 38.860
4845.43192 38.880
4848.29136 38.900
4851.15080 38.920
4854.01024 38.940
4856.86968 38.960
4859.72912 38.980
4862.58856 39.000
4865.44800 39.020
4868.30744 39.040
4871.16688 39.060
4874.02632 39.080
4876.88576 39.100
4879.74520 39.120
4882.60464 39.140
4885.46408 39.160
4888.32352 39.180
4891.18296 39.200
4894.04240 39.220
4896.90184 39.240
4899.76128 39.260
4902.62072 39.280
4905.48016 39.300
4908.33960 39.320
4911.19904 39.340
4914.05848 39.360
4916.91792 39.380
4919.77736 39.400
4922.63680 39.420
4925.49624 39.440
4928.35568 39.460
4931.21512 39.480
4934.07456 39.500
4936.93400 39.520
4939.79344 39.540
4942.65288 39.560
4945.51232 39.580
4948.37176 39.600
4951.23120 39.620
4954.09064 39.640
4956.95008 39.660
4959.80952 39.680
4962.66896 39.700
4965.52840 39.720
4968.38784 39.740
4971.24728 39.760
4974.10672 39.780
4976.96616 39.800
4979.82560 39.820
4982.68504 39.840
4985.54448 39.860
4988.40392 39.880
4991.26336 39.900
4994.12280 39.920
4996.98224 39.940
4999.84168 39.960
5002.70112 39.980
5005.56056 40.000
5008.42000 40.020
5011.27944 40.040
5014.13888 40.060
5016.99832 40.080
5019.85776 40.100
5022.71720 40.120
5025.57664 40.140
5028.43608 40.160
5031.29552 40.180
5034.15496 40.200
5037.01440 40.220
5039.87384 40.240
5042.73328 40.260
5045.59272 40.280
5048.45216 40.300
5051.31160 40.320
5054.17104 40.340
5057.03048 40.360
5059.88992 40.380
5062.74936 40.400
5065.60880 40.420
5068.46824 40.440
5071.32768 40.460
5074.18712 40.480
5077.04656 40.500
5079.90600 40.520
5082.76544 40.540
5085.62488 40.560
5088.48432 40.580
5091.34376 40.600
5094.20320 40.620
5097.06264 40.640
5099.92208 40.660
5102.78152 40.680
5105.64096 40.700
5108.50040 40.720
5111.35984 40.740
5114.21928 40.760
5117.07872 40.780
5119.93816 40.800
5122.79760 40.820
5125.65704 40.840
5128.51648 40.860
5131.37592 40.880
5134.23536 40.900
5137.09480 40.920
5139.95424 40.940
5142.81368 40.960
5145.67312 40.980
5148.53256 41.000
5151.39200 41.020
5154.25144 41.040
5157.11088 41.060
5159.97032 41.080
5162.82976 41.100
5165.68920 41.120
5168.54864 41.140
5171.40808 41.160
5174.26752 41.180
5177.12696 41.200
5179.98640 41.220
5182.84584 41.240
5185.70528 41.260
5188.56472 41.280
5191.42416 41.300
5194.28360 41.320
5197.14304 41.340
5200.00248 41.360
5202.86192 41.380
5205.72136 41.400
5208.58080 41.420
5211.44024 41.440
5214.29968 41.460
5217.15912 41.480
5220.01856 41.500
5222.87800 41.520
5225.73744 41.540
5228.59688 41.560
5231.45632 41.580
5234.31576 41.600
5237.17520 41.620
5240.03464 41.640
5242.89408 41.660
5245.75352 41.680
5248.61296 41.700
5251.47240 41.720
5254.33184 41.740
5257.19128 41.760
5260.05072 41.780
5262.91016 41.800
5265.76960 41.820
5268.62904 41.840
5271.48848 41.860
5274.34792 41.880
5277.20736 41.900
5280.06680 41.920
5282.92624 41.940
5285.78568 41.960
5288.64512 41.980
5291.50456 42.000
5294.36400 42.020
5297.22344 42.040
5300.08288 42.060
5302.94232 42.080
5305.80176 42.100
5308.66120 42.120
5311.52064 42.140
5314.38008 42.160
5317.23952 42.180
5320.09896 42.200
5322.95840 42.220
5325.81784 42.240
5328.67728 42.260
5331.53672 42.280
5334.39616 42.300
5337.25560 42.320
5340.11504 42.340
5342.97448 42.360
5345.83392 42.380
5348.69336 42.400
5351.55280 42.420
5354.41224 42.440
5357.27168 42.460
5360.13112 42.480
5362.99056 42.500
5365.85000 42.520
5368.70944 42.540
5371.56888 42.560
5374.42832 42.580
5377.28776 42.600
5380.14720 42.620
5383.00664 42.640
5385.86608 42.660
5388.72552 42.680
5391.58496 42.700
5394.44440 42.720
5397.30384 42.740
5400.16328 42.760
5403.02272 42.780
5405.88216 42.800
5408.74160 42.820
5411.60104 42.840
5414.46048 42.860
5417.31992 42.880
5420.17936 42.900
5423.03880 42.920
5425.89824 42.940
5428.75768 42.960
5431.61712 42.980
5434.47656 43.000
5437.33600 43.020
5440.19544 43.040
5443.05488 43.060
5445.91432 43.080
5448.77376 43.100
5451.63320 43.120
5454.49264 43.140
5457.35208 43.160
5460.21152 43.180
5463.07096 43.200
5465.93040 43.220
5468.78984 43.240
5471.64928 43.260
5474.50872 43.280
5477.36816 43.300
5480.22760 43.320
5483.08704 43.340
5485.94648 43.360
5488.80592 43.380
5491.66536 43.400
5494.52480 43.420
5497.38424 43.440
5500.24368 43.460
5503.10312 43.480
5505.96256 43.500
5508.82200 43.520
5511.68144 43.540
5514.54088 43.560
5517.40032 43.580
5520.25976 43.600
5523.11920 43.620
5525.97864 43.640
5528.83808 43.660
5531.69752 43.680
5534.55696 43.700
5537.41640 43.720
5540.27584 43.740
5543.13528 43.760
5545.99472 43.780
5548.85416 43.800
5551.71360 43.820
5554.57304 43.840
5557.43248 43.860
5560.29192 43.880
5563.15136 43.900
5566.01080 43.920
5568.87024 43.940
5571.72968 43.960
5574.58912 43.980
5577.44856 44.000
5580.30800 44.020
5583.16744 44.040
5586.02688 44.060
5588.88632 44.080
5591.74576 44.100
5594.60520 44.120
5597.46464 44.140
5600.32408 44.160
5603.18352 44.180
5606.04296 44.200
5608.90240 44.220
5611.76184 44.240
5614.62128 44.260
5617.48072 44.280
5620.34016 44.300
5623.19960 44.320
5626.05904 44.340
5628.91848 44.360
5631.77792 44.380
5634.63736 44.400
5637.49680 44.420
5640.35624 44.440
5643.21568 44.460
5646.07512 44.480
5648.93456 44.500
5651.79400 44.520
5654.65344 44.540
5657.51288 44.560
5660.37232 44.580
5663.23176 44.600
5666.09120 44.620
5668.95064 44.640
5671.81008 44.660
5674.66952 44.680
5677.52896 44.700
5680.38840 44.720
5683.24784 44.740
5686.10728 44.760
5688.96672 44.780
5691.82616 44.800
5694.68560 44.820
5697.54504 44.840
5700.40448 44.860
5703.26392 44.880
5706.12336 44.900
5708.98280 44.920
5711.84224 44.940
5714.70168 44.960
5717.56112 44.980
5720.42056 45.000
5723.28000 45.020
5726.13944 45.040
5728.99888 45.060
5731.85832 45.080
5734.71776 45.100
5737.57720 45.120
5740.43664 45.140
5743.29608 45.160
5746.15552 45.180
5749.01496 45.200
5751.87440 45.220
5754.73384 45.240
5757.59328 45.260
5760.45272 45.280
5763.31216 45.300
5766.17160 45.320
5769.03104 45.340
5771.89048 45.360
5774.74992 45.380
5777.60936 45.400
5780.46880 45.420
5783.32824 45.440
5786.18768 45.460
5789.04712 45.480
5791.90656 45.500
5794.76600 45.520
5797.62544 45.540
5800.48488 45.560
5803.34432 45.580
5806.20376 45.600
5809.06320 45.620
5811.92264 45.640
5814.78208 45.660
5817.64152 45.680
5820.50096 45.700
5823.36040 45.720
5826.21984 45.740
5829.07928 45.760
5831.93872 45.780
5834.79816 45.800
5837.65760 45.820
5840.51704 45.840
5843.37648 45.860
5846.23592 45.880
5849.09536 45.900
5851.95480 45.920
5854.81424 45.940
5857.67368 45.960
5860.53312 45.980
5863.39256 46.000
5866.25200 46.020
5869.11144 46.040
5871.97088 46.060
5874.83032 46.080
5877.68976 46.100
5880.54920 46.120
5883.40864 46.140
5886.26808 46.160
5889.12752 46.180
5891.98696 46.200
5894.84640 46.220
5897.70584 46.240
5900.56528 46.260
5903.42472 46.280
5906.28416 46.300
5909.14360 46.320
5912.00304 46.340
5914.86248 46.360
5917.72192 46.380
5920.58136 46.400
5923.44080 46.420
5926.30024 46.440
5929.15968 46.460
5932.01912 46.480
5934.87856 46.500
5937.73800 46.520
5940.59744 46.540
5943.45688 46.560
5946.31632 46.580
5949.17576 46.600
5952.03520 46.620
5954.89464 46.640
5957.75408 46.660
5960.61352 46.680
5963.47296 46.700
5966.33240 46.720
5969.19184 46.740
5972.05128 46.760
5974.91072 46.780
5977.77016 46.800
5980.62960 46.820
5983.48904 46.840
5986.34848 46.860
5989.20792 46.880
5992.06736 46.900
5994.92680 46.920
5997.78624 46.940
6000.64568 46.960
6003.50512 46.980
6006.36456 47.000
6009.22400 47.020
6012.08344 47.040
6014.94288 47.060
6017.80232 47.080
6020.66176 47.100
6023.52120 47.120
6026.38064 47.140
6029.24008 47.160
6032.09952 47.180
6034.95896 47.200
6037.81840 47.220
6040.67784 47.240
6043.53728 47.260
6046.39672 47.280
6049.25616 47.300
6052.11560 47.320
6054.97504 47.340
6057.83448 47.360
6060.69392 47.380
6063.55336 47.400
6066.41280 47.420
6069.27224 47.440
6072.13168 47.460
6074.99112 47.480
6077.85056 47.500
6080.71000 47.520
6083.56944 47.540
6086.42888 47.560
6089.28832 47.580
6092.14776 47.600
6095.00720 47.620
6097.86664 47.640
6100.72608 47.660
6103.58552 47.680
6106.44496 47.700
6109.30440 47.720
6112.16384 47.740
6115.02328 47.760
6117.88272 47.780
6120.74216 47.800
6123.60160 47.820
6126.46104 47.840
6129.32048 47.860
6132.17992 47.880
6135.03936 47.900
6137.89880 47.920
6140.75824 47.940
6143.61768 47.960
6146.47712 47.980
6149.33656 48.000
6152.19600 48.020
6155.05544 48.040
6157.91488 48.060
6160.77432 48.080
6163.63376 48.100
6166.49320 48.120
6169.35264 48.140
6172.21208 48.160
6175.07152 48.180
6177.93096 48.200
6180.79040 48.220
6183.64984 48.240
6186.50928 48.260
6189.36872 48.280
6192.22816 48.300
6195.08760 48.320
6197.94704 48.340
6200.80648 48.360
6203.66592 48.380
6206.52536 48.400
6209.38480 48.420
6212.24424 48.440
6215.10368 48.460
6217.96312 48.480
6220.82256 48.500
6223.68200 48.520
6226.54144 48.540
6229.40088 48.560
6232.26032 48.580
6235.11976 48.600
6237.97920 48.620
6240.83864 48.640
6243.69808 48.660
6246.55752 48.680
6249.41696 48.700
6252.27640 48.720
6255.13584 48.740
6257.99528 48.760
6260.85472 48.780
6263.71416 48.800
6266.57360 48.820
6269.43304 48.840
6272.29248 48.860
6275.15192 48.880
6278.01136 48.900
6280.87080 48.920
6283.73024 48.940
6286.58968 48.960
6289.44912 48.980
6292.30856 49.000
6295.16800 49.020
6298.02744 49.040
6300.88688 49.060
6303.74632 49.080
6306.60576 49.100
6309.46520 49.120
6312.32464 49.140
6315.18408 49.160
6318.04352 49.180
6320.90296 49.200
6323.76240 49.220
6326.62184 49.240
6329.48128 49.260
6332.34072 49.280
6335.20016 49.300
6338.05960 49.320
6340.91904 49.340
6343.77848 49.360
6346.63792 49.380
6349.49736 49.400
6352.35680 49.420
6355.21624 49.440
6358.07568 49.460
6360.93512 49.480
6363.79456 49.500
6366.65400 49.520
6369.51344 49.540
6372.37288 49.560
6375.23232 49.580
6378.09176 49.600
6380.95120 49.620
6383.81064 49.640
6386.67008 49.660
6389.52952 49.680
6392.38896 49.700
6395.24840 49.720
6398.10784 49.740
6400.96728 49.760
6403.82672 49.780
6406.68616 49.800
6409.54560 49.820
6412.40504 49.840
6415.26448 49.860
6418.12392 49.880
6420.98336 49.900
6423.84280 49.920
6426.70224 49.940
6429.56168 49.960
6432.42112 49.980
6435.28056 50.000
